Expt Disparity : cylinder 0.000 +-0.007 *7. 775-778, x Expt Initial Disparity: 0.000 +-0.200 *2. 775-778, nr4at-10.58,-9.51, 14.98x15.00, -135.00 deg. sf1.00tf10 11391377
Dur 19666.67,19667 NF 119 IS 0.40 Framerate 60.00
cm=rf-10.63,-9.42:12.60x12.80,-135.0deg  pe37 0,-4 fx=0.00,f
props sq2.12 xo-10.58 yo-9.51 wi14.98 hi15.00 or-135.00 sf1.00 tf10.00 dx-0.0140 se9425 id6986 bd0.0000 Id-0.10 MD=0 op=+cn+cp+sc+2a+cd+xe+bm 
Expt Cancelled
fx=0.00,fy=5.00
cm=rf-10.63,-9.42:12.60x12.80,-135.0deg  pe37 0,-4 fx=0.00,fy=5.00 
cm=noback
mtop=op+do+aa+sq+72+fc+fb+ap+wt+cf+ws+ts+sw+bw+cs+2a+bm+gm+x2+cS+C3

expt: cylinder et=dx e2=Id
Expt Start (11391377): cylinder Disparity  0.00: 0.01x7 ed=14.2000
xExpt2: Initial Disparity 0.00: 0.20x2
stim 11397466-11417133:775 bG cylinder0 props sq-2.12 xo-10.58 yo-9.51 wi14.98 hi15.00 or-135.00 sf1.00 tf10.00 dx0.0070 se9427 id6988 bd0.0000 Id-0.10 MD=0 op=+cn+cp+sc+2a+cd+xe+bm 
TrialWrong 157: 11396462-11420836 2
props sq-2.12 xo-10.58 yo-9.51 wi14.98 hi15.00 or-135.00 sf1.00 tf10.00 dx0.0000 se9428 id6989 bd0.0000 Id-0.10 MD=0 op=+cn+cp+sc+2a+cd+xe+bm 
stim 11445465-11465131:777 bG cylinder0 props sq2.12 xo-10.58 yo-9.51 wi14.98 hi15.00 or-135.00 sf1.00 tf10.00 dx-0.0140 se9429 id6990 bd0.0000 Id0.10 MD=0 op=+cn+cp+sc+2a+cd+xe+bm 
TrialWrong 158: 11444384-11468921 2
stim 11494297-11513964:778 bG cylinder0 props sq2.12 xo-10.58 yo-9.51 wi14.98 hi15.00 or-135.00 sf1.00 tf10.00 dx-0.0070 se9431 id6992 bd0.0000 Id0.10 MD=0 op=+cn+cp+sc+2a+cd+xe+bm 
TrialGood 159: 11493206-11517748 2
Expt Cancelled
cm=noback
mtop=op+do+aa+sq+72+fc+fb+ap+wt+cf+ws+ts+sw+bw+cs+2a+bm+gm+x2+cS+C3

expt: cylinder et=dx e2=Id
Expt Start (11771296): cylinder Disparity  0.00: 0.01x7 ed=14.2000
xExpt2: Initial Disparity 0.00: 0.20x2
