Clearclusters
Cluster1 en6:16.87,53.01 ve6:9.13,24.91
#Set by ceb on Wed Jun 20 12:43:05 2007

Expt Disparity : cylinder 22.500 +-45.000 *8. 0-6, x Expt Initial Disparity: 0.000 +-0.030 *0. 0-6, nr4at-13.23,-2.50, 9.99x10.00, -90.00 deg. sf1.00tf10 59429312
Dur 9388.67,19610 NF 22 IS 0.40 Framerate 60.00
UFF ic150.0 Created 12/6/2007 08:30 as ic150.0 by v4.58 replay version 1.41 Rev $Revision: 1.55 $
expt: cylinder et=dx e2=Id
Expt Start (59429312): cylinder Disparity  0.00: 0.00x5 ed=13.6450
xExpt2: Initial Disparity 0.00: 0.03x6
fx=-7.00,fy=0.00
cm=rf-13.42,-2.77:13.80x12.93,5.6deg  pe123 -1.0,-4.0 fx=7.00,fy=0.00 
cm=VisualArea MT
fx=-7.00,fy=0.00
cm=rf-13.42,-2.77:13.80x12.93,5.6deg  pe123 -1.0,-4.0 fx=7.cl
CR sampling 1136363.64Hz
stim 94680-114846:0 bG rds0 props sq3.00 xo-13.23 yo-2.50 wi9.99 hi10.00 or-90.00 sf1.00 tf10.00 dx0.6030 se15479 id12435 bd0.0000 Id0.0000 MD=0 op=+cn+cp+sc+2a+cd+xe 
TrialGood 0: 93543-118451 1
props sq3.00 xo-13.23 yo-2.50 wi9.99 hi10.00 or-90.00 sf1.00 tf10.00 dx0.6030 se15479 id12435 bd0.0000 Id0.0000 MD=0 op=+cn+cp+sc+2a+cd+xe 
stim 161345-181512:2 bG rds0 props sq3.00 xo-13.23 yo-2.50 wi9.99 hi10.00 or-90.00 sf1.00 tf10.00 dx0.6030 se15479 id12435 bd0.0000 Id0.0000 MD=0 op=+cn+cp+sc+2a+cd+xe 
TrialGood 1: 160360-185409 1
fx=-7.00,fy=0.00
cm=rf-13.42,-2.77:cl
stim 474004-478004:3 bG rds0 props sq3.00 xo-13.23 yo-2.50 wi9.99 hi10.00 or-90.00 sf1.00 tf10.00 dx0.6030 se15495 id12435 bd0.0000 Id0.0000 MD=0 op=+cn+cp+2a 
stim 478837-482837:4 bG rds0 props sq3.00 xo-13.23 yo-2.50 wi9.99 hi10.00 or-90.00 sf1.00 tf10.00 dx0.6030 se15495 id12435 bd0.0000 Id0.0000 MD=0 op=+cn+cp+2a 
stim 483670-487670:5 bG rds0 props sq3.00 xo-13.23 yo-2.50 wi9.99 hi10.00 or-90.00 sf1.00 tf10.00 dx0.6030 se15495 id12435 bd0.0000 Id0.0000 MD=0 op=+cn+cp+2a 
stim 488504-492503:6 bG rds0 props sq3.00 xo-13.23 yo-2.50 wi9.99 hi10.00 or-90.00 sf1.00 tf10.00 dx0.6030 se15495 id12435 bd0.0000 Id0.0000 MD=0 op=+cn+cp+2a 
TrialGood 2: 472963-496153 4
cm=noback
mtop=op+do+aa+72+fc+fb+ap+wt+cf+ws+ts+sw+bw+ic+cs+bm+0m+gm+cb+cS+C3+CF

Error! Experiment started without stopping, trial 7

expt: rds et=or e2=e0
Expt Start (576818): rds Orientation 22.50: 45.00x8 ed=13.6450
xExpt2: EXPTYPE_NONE 0.00: 0.03x0
