Expt Y offset: rds 8.875 +-3.000 *8. 0-3, nr4at-10.23,-1.63, 15.00x15.00, -30.00 deg. sf1.00tf5 992876
Dur 3499.67,0 NF 22 IS 0.40 Framerate 60.00
cm=rf-15.94,9.82:10.89x9.
UFF ic110.0 Created 13/4/2007 11:48 as ic110.1 by v4.55 replay version 1.41 Rev $Revision: 1.55 $
expt: rds et=yo e2=e0
Expt Start (11051664): rds Y offset 8.87: 3.00x8 ed=16.0000
xExpt2: EXPTYPE_NONE 0.00: 0.20x0
fx=-7.00,fy=-8.00
cm=rf-15.94,9.82:10.89x9.
cm=noback
mtop=op+do+aa+72+fc+fb+ap+wt+cf+ws+ts+sw+bw+ic+cs+bm+0m+gm+cb+cS+C3

expt: rds et=yo e2=e0
Expt Start (992876): rds Y offset 8.87: 3.00x8 ed=16.0100
xExpt2: EXPTYPE_NONE 0.00: 0.20x0
CR sampling 1136363.64Hz
props sq0.00 xo-10.23 yo1.37 wi15.00 hi15.00 or-30.00 sf1.00 tf5.00 dx0.0583 se13630 id9417 bd0.0000 op=+cn+cp+sc+cd+bm+ic 
stim 1016213-1019713:1 bG rds0 props sq0.00 xo-10.23 yo1.37 wi15.00 hi15.00 or-30.00 sf1.00 tf5.00 dx0.0583 se13634 id9418 bd0.0000 op=+cn+cp+sc+cd+bm+ic 
stim 1021046-1024546:2 bG rds0 props sq0.00 xo-10.23 yo10.37 wi15.00 hi15.00 or-30.00 sf1.00 tf5.00 dx0.0583 se13638 id9419 bd0.0000 op=+cn+cp+sc+cd+bm+ic 
stim 1025880-1029379:3 bG rds0 props sq0.00 xo-10.23 yo-1.63 wi15.00 hi15.00 or-30.00 sf1.00 tf5.00 dx0.0583 se13642 id9420 bd0.0000 op=+cn+cp+sc+cd+bm+ic 
Expt Cancelled
fx=-7.00,fy=-8.00
cm=rf-10.81,11.14:10.89x9.49,-30.0deg  pe99 0.0,0.0 fx=7.00,fy=-8.00 
cm=noback
mtop=op+do+aa+72+fc+fb+ap+wt+cf+ws+ts+sw+bw+ic+cs+bm+0m+gm+cb+cS+C3

expt: rds et=or e2=e0
Expt Start (1422044): rds Orientation 22.50: 45.00x8 ed=16.0100
xExpt2: EXPTYPE_NONE 0.00: 0.20x0
